13 6 15 1 0 14 11 0 5 8 9 7 3 16 0 0
7 8 2 11 16 0 0 0 10 0 0 0 0 4 0 14
14 4 12 0 0 0 13 0 15 16 6 11 0 8 1 9
10 3 16 9 8 15 1 12 4 0 14 2 0 11 6 7
8 16 10 0 3 5 0 9 11 4 1 14 7 15 2 6
5 12 0 15 6 16 4 14 9 7 0 13 1 3 8 10
1 0 3 2 0 0 0 7 12 0 0 6 16 13 14 4
4 14 7 6 13 0 0 15 3 10 8 16 11 9 5 0
2 11 0 14 10 6 16 5 13 0 3 9 4 7 15 1
0 15 0 4 9 11 0 8 2 0 7 1 12 0 0 0
9 0 0 0 0 13 15 0 14 0 16 0 6 5 3 8
16 13 6 12 7 4 0 1 8 0 5 0 0 14 9 0
11 0 0 3 0 12 10 0 6 14 0 0 8 2 7 16
15 7 14 0 1 2 9 4 0 0 11 0 13 0 0 5
6 0 13 16 0 0 7 0 0 2 0 0 9 12 4 0
0 2 4 10 5 8 6 0 7 9 13 0 14 1 0 0