13 6 15 1 4 14 11 10 5 8 9 7 3 16 12 2
7 8 2 11 16 9 5 6 10 1 12 3 15 4 13 14
14 4 12 5 2 7 13 3 15 16 6 11 10 8 1 9
10 3 16 9 8 15 1 12 4 13 14 2 5 11 6 7
8 16 10 13 3 5 12 9 11 4 1 14 7 15 2 6
5 12 11 15 6 16 4 14 9 7 2 13 1 3 8 10
1 9 3 2 11 10 8 7 12 5 15 6 16 13 14 4
4 14 7 6 13 1 2 15 3 10 8 16 11 9 5 12
2 11 8 14 10 6 16 5 13 12 3 9 4 7 15 1
3 15 5 4 9 11 14 8 2 6 7 1 12 10 16 13
9 10 1 7 12 13 15 2 14 11 16 4 6 5 3 8
16 13 6 12 7 4 3 1 8 15 5 10 2 14 9 11
11 1 9 3 15 12 10 13 6 14 4 5 8 2 7 16
15 7 14 8 1 2 9 4 16 3 11 12 13 6 10 5
6 5 13 16 14 3 7 11 1 2 10 8 9 12 4 15
12 2 4 10 5 8 6 16 7 9 13 15 14 1 11 3